307
312
307
312
423
423
307
307
319
319
319
232
412
232
214
214
214
214
427
413
208
208
413
423
312
312
312
403
427
427
312
312
312
308
308
307
214
320
424
424
307
307
307
307
322
322
406
413
417
214
208
208
208
420
314
424
308
424
308
314
420
308
314
426
308
208
231
305
426
236
229
231
230
404
405
426
132
430
230
233
233
229
404
405
233
430
132
229
132
406
426
235
303
230
229
404
303
426
235
229
132
430
430
231
208
230
236
404
303
235
214
229
132
231
132
426
235
231
406
230
229
426
214
236
235
132
430
214
132
430
229
132
229
235
405
303
303
405
231
230